2022 63
NOAA 15                 
1 25338U 98030A   22063.10909667  .00000074  00000+0  49468-4 0  9997
2 25338  98.6572  93.9587 0009496 241.3784 118.6441 14.26094301238253
DMSP 5D-3 F15 (USA 147) 
1 25991U 99067A   22062.94567553  .00000094  00000+0  70321-4 0  9992
2 25991  99.0463  52.7544 0010960 124.9134 289.5305 14.16503511148839
METEOSAT-8 (MSG-1)      
1 27509U 02040B   22062.74842970  .00000122  00000+0  00000+0 0  9995
2 27509   7.8438  51.2084 0001000 321.2458  99.8505  1.00271655 71552
DMSP 5D-3 F16 (USA 172) 
1 28054U 03048A   22063.13982937  .00000017  00000+0  33035-4 0  9994
2 28054  98.9817  53.4436 0006390 253.9978 179.7292 14.13654433948146
NOAA 18                 
1 28654U 05018A   22063.10208273  .00000148  00000+0  10430-3 0  9998
2 28654  98.9604 133.5797 0013293 268.4402  91.5247 14.12694354865198
METEOSAT-9 (MSG-2)      
1 28912U 05049B   22062.76924338  .00000111  00000+0  00000+0 0  9995
2 28912   5.7841  66.9621 0000898 236.8354 153.1552  1.00417520 59337
FORMOSAT-3 FM6          
1 29047U 06011A   22062.91261317  .00000159  00000+0  78355-4 0  9998
2 29047  71.9769 275.2837 0048668  64.1328 296.4815 14.28912398830488
FORMOSAT-3 FM1          
1 29048U 06011B   22062.80698443  .00000150  00000+0  75065-4 0  9997
2 29048  71.9668 185.6839 0042965  22.0559 338.2413 14.28863174832956
FORMOSAT-3 FM5          
1 29049U 06011C   22062.91382722  .00000205  00000+0  96638-4 0  9990
2 29049  72.0227   0.6659 0033335  42.7788 317.5934 14.28949134828752
FORMOSAT-3 FM3          
1 29050U 06011D   22063.07602821  .00000520  00000+0  11841-3 0  9997
2 29050  72.0145  82.4517 0052064 269.2809  90.2378 14.59264349847530
FORMOSAT-3 FM4          
1 29051U 06011E   22062.89886746  .00000174  00000+0  83195-4 0  9994
2 29051  72.0032 261.5385 0069841 284.4658  74.8736 14.28980476831330
FORMOSAT-3 FM2          
1 29052U 06011F   22062.92228708  .00000197  00000+0  93117-4 0  9997
2 29052  72.0365 337.5627 0039916 359.9335   0.1789 14.29092219828834
EWS-G1 (GOES 13)        
1 29155U 06018A   22062.63517928  .00000020  00000+0  00000+0 0  9990
2 29155   0.3212  97.7922 0002937 164.4359 189.2312  1.00270600 27664
METOP-A                 
1 29499U 06044A   22062.92820781  .00000637  00000+0  93863-4 0  9994
2 29499  98.4661 104.1225 0198227 339.1010 149.7504 14.66961960795201
DMSP 5D-3 F17 (USA 191) 
1 29522U 06050A   22063.07496334  .00000078  00000+0  63909-4 0  9995
2 29522  98.7739  80.0700 0009613 194.9930 165.0960 14.14075339791016
FENGYUN 3A              
1 32958U 08026A   22062.88934518  .00000035  00000+0  36718-4 0  9997
2 32958  98.4890  29.9125 0008293 335.6661  24.4123 14.18691734713367
FENGYUN 2E              
1 33463U 08066A   22062.89275649 -.00000219  00000+0  00000+0 0  9992
2 33463   5.6720  65.9016 0004503 351.0516 152.8142  1.00270902 48388
NOAA 19                 
1 33591U 09005A   22063.09155578  .00000093  00000+0  75517-4 0  9998
2 33591  99.1619  94.9482 0014747 122.3734 237.8866 14.12534336673579
GOES 14                 
1 35491U 09033A   22062.64123328 -.00000110  00000+0  00000+0 0  9999
2 35491   0.0662  80.7921 0012656 145.9255  60.9764  1.00271414 46402
METEOR-M 1              
1 35865U 09049A   22062.94523578  .00000041  00000+0  37252-4 0  9991
2 35865  98.5155  36.8917 0002604 148.2270 211.9066 14.22308485646695
DMSP 5D-3 F18 (USA 210) 
1 35951U 09057A   22063.07365138  .00000159  00000+0  10736-3 0  9994
2 35951  98.7123  45.1157 0011754  32.0758 328.1128 14.13451723638239
GOES 15                 
1 36411U 10008A   22062.62195247  .00000035  00000+0  00000+0 0  9998
2 36411   0.0361 128.2691 0000493 232.5827 256.8876  1.00258780 43966
COMS 1                  
1 36744U 10032A   22061.96802424 -.00000364  00000+0  00000+0 0  9998
2 36744   0.7969  95.1822 0000858 268.3616 273.8458  1.00272051 35370
FENGYUN 3B              
1 37214U 10059A   22063.14935830 -.00000001  00000+0  23838-4 0  9997
2 37214  99.0929  67.2483 0021227 293.4683  66.4260 14.14245025586074
SUOMI NPP               
1 37849U 11061A   22063.03576420  .00000029  00000+0  34324-4 0  9990
2 37849  98.7238   3.1001 0000883  80.7332 333.7721 14.19546975536233
FENGYUN 2F              
1 38049U 12002A   22063.04122771 -.00000373  00000+0  00000+0 0  9998
2 38049   3.5357  80.4791 0004474   5.8671 202.1835  1.00280776 37185
METEOSAT-10 (MSG-3)     
1 38552U 12035B   22062.87723167  .00000043  00000+0  00000+0 0  9992
2 38552   1.3828  34.0423 0001051 236.1082 216.4507  1.00272185 35157
METOP-B                 
1 38771U 12049A   22063.11401142  .00000051  00000+0  43206-4 0  9993
2 38771  98.6788 124.4288 0001138  45.1799  13.2835 14.21498927490766
FENGYUN 3C              
1 39260U 13052A   22063.11970292  .00000041  00000+0  41616-4 0  9991
2 39260  98.4680  96.5006 0010436 213.4048 146.6483 14.15902468437016
METEOR-M 2              
1 40069U 14037A   22063.10437399  .00000006  00000+0  21804-4 0  9997
2 40069  98.4412  85.6697 0004524 268.5561  91.5109 14.20698694396909
HIMAWARI-8              
1 40267U 14060A   22062.90339712 -.00000293  00000+0  00000+0 0  9999
2 40267   0.0172 152.9694 0000899 213.0195 261.5134  1.00271809 27058
FENGYUN 2G              
1 40367U 14090A   22062.89519861 -.00000318  00000+0  00000+0 0  9994
2 40367   1.6708  90.4656 0002313 340.0859 152.5121  1.00284153 26292
METEOSAT-11 (MSG-4)     
1 40732U 15034A   22062.87548729 -.00000016  00000+0  00000+0 0  9997
2 40732   0.1920 352.9773 0001692  76.7838  47.4743  1.00281287 24322
ELEKTRO-L 2             
1 41105U 15074A   22062.87252188 -.00000132  00000+0  00000+0 0  9996
2 41105   2.7230  89.3762 0000332  74.5743 297.2504  1.00272873 22812
HIMAWARI-9              
1 41836U 16064A   22062.90348433 -.00000293  00000+0  00000+0 0  9998
2 41836   0.0318 246.8875 0000978 109.9433 270.7886  1.00270220 19483
GOES 16                 
1 41866U 16071A   22062.86039271 -.00000266  00000+0  00000+0 0  9991
2 41866   0.0863 285.3473 0000932  95.5006  15.2572  1.00271762 19407
FENGYUN 4A              
1 41882U 16077A   22062.75273148 -.00000348  00000+0  00000+0 0  9997
2 41882   0.1573  87.3095 0005645 350.3359  99.4828  1.00274046 19274
CYGFM05                 
1 41884U 16078A   22062.54633629  .00002141  00000+0  11143-3 0  9997
2 41884  34.9556 141.0841 0015679 224.0341 135.9122 15.15633582288709
CYGFM04                 
1 41885U 16078B   22062.56905882  .00002206  00000+0  11313-3 0  9994
2 41885  34.9488 130.7601 0014186 239.4921 120.4390 15.16147904288748
CYGFM02                 
1 41886U 16078C   22062.56171023  .00002177  00000+0  11159-3 0  9992
2 41886  34.9580 132.9669 0014884 233.8429 126.0906 15.16166852288823
CYGFM01                 
1 41887U 16078D   22062.53317561  .00002158  00000+0  11301-3 0  9997
2 41887  34.9524 143.3652 0016081 223.3890 136.5556 15.15410541288651
CYGFM08                 
1 41888U 16078E   22062.87870977  .00001986  00000+0  10288-3 0  9991
2 41888  34.9494 134.3491 0015410 236.9604 122.9628 15.15843461288837
CYGFM06                 
1 41889U 16078F   22062.87216891  .00001988  00000+0  10207-3 0  9994
2 41889  34.9576 129.7325 0013859 236.5539 123.3847 15.16180110288813
CYGFM07                 
1 41890U 16078G   22062.85278201  .00001992  00000+0  10238-3 0  9996
2 41890  34.9514 128.6856 0013682 240.6718 119.2627 15.16135431288796
CYGFM03                 
1 41891U 16078H   22062.52171724  .00002136  00000+0  10973-3 0  9990
2 41891  34.9546 131.1865 0013174 236.1603 123.7855 15.16129816288737
FENGYUN 3D              
1 43010U 17072A   22063.09282659  .00000021  00000+0  31037-4 0  9999
2 43010  98.8047   8.2789 0001689 165.9761 194.1463 14.19184358222827
NOAA 20                 
1 43013U 17073A   22063.06015924  .00000024  00000+0  32364-4 0  9996
2 43013  98.7478   3.0744 0001255  65.0862 295.0444 14.19531006222277
GOES 17                 
1 43226U 18022A   22062.66471913  .00000080  00000+0  00000+0 0  9995
2 43226   0.0734 287.4978 0000338  84.1960 251.7533  1.00271530 14718
FENGYUN 2H              
1 43491U 18050A   22062.89118656 -.00000146  00000+0  00000+0 0  9991
2 43491   0.8825  99.5934 0003162  20.6292  81.4999  1.00272775 13733
METOP-C                 
1 43689U 18087A   22063.06939735  .00000048  00000+0  41954-4 0  9997
2 43689  98.6986 124.6773 0002581   8.2297 351.8923 14.21486442172335
GEO-KOMPSAT-2A          
1 43823U 18100A   22062.90095500 -.00000361  00000+0  00000+0 0  9999
2 43823   0.0141 116.8449 0001135 285.6654 211.7217  1.00271261 11954
METEOR-M2 2             
1 44387U 19038A   22063.15519607 -.00000027  00000+0  75709-5 0  9996
2 44387  98.7087  24.8549 0000855 163.5360 196.5847 14.23700331138423
FENGYUN 3E              
1 49008U 21062A   22063.01289938 -.00000013  00000+0  14305-4 0  9996
2 49008  98.7104  66.6340 0001181 341.2574  18.8563 14.19820927 34353
